                                                coef     exp(coef)      se(coef)  coef lower 95%  coef upper 95%  exp(coef) lower 95%  exp(coef) upper 95%  cmp to         z         p  -log2(p)
covariate                                                                                                                                                                                       
original_shape_Elongation               9.093842e+00  8.900315e+03  9.735764e+00   -9.987905e+00    2.817559e+01         4.595236e-05         1.723864e+12     0.0  0.934066  0.350270  1.513460
original_shape_Flatness                -3.932489e+01  8.344864e-18  2.467253e+01   -8.768216e+01    9.032391e+00         8.319952e-39         8.369851e+03     0.0 -1.593873  0.110964  3.171830
original_shape_LeastAxisLength          1.444692e-01  1.155426e+00  4.093922e-01   -6.579247e-01    9.468631e-01         5.179251e-01         2.577611e+00     0.0  0.352887  0.724173  0.465594
original_shape_MajorAxisLength         -8.255721e-02  9.207588e-01  1.652011e-01   -4.063454e-01    2.412309e-01         6.660801e-01         1.272815e+00     0.0 -0.499738  0.617260  0.696050
original_shape_Maximum2DDiameterColumn -2.991313e-02  9.705298e-01  5.756709e-02   -1.427426e-01    8.291629e-02         8.669772e-01         1.086451e+00     0.0 -0.519622  0.603327  0.728988
MRN ANON                                1.577300e-06  1.000002e+00  1.566230e-06   -1.492454e-06    4.647054e-06         9.999985e-01         1.000005e+00     0.0  1.007068  0.313902  1.671614
MRN                                     2.867846e-07  1.000000e+00  3.234244e-07   -3.471155e-07    9.206847e-07         9.999997e-01         1.000001e+00     0.0  0.886713  0.375233  1.414140
Encompass MRN                           2.481660e-09  1.000000e+00  5.397273e-08   -1.033030e-07    1.082663e-07         9.999999e-01         1.000000e+00     0.0  0.045980  0.963326  0.053904
Sex                                    -2.806539e+00  6.041373e-02  1.365053e+00   -5.481995e+00   -1.310832e-01         4.161022e-03         8.771448e-01     0.0 -2.055992  0.039783  4.651693
Age                                     1.153382e-01  1.122253e+00  4.091848e-02    3.513941e-02    1.955369e-01         1.035764e+00         1.215964e+00     0.0  2.818730  0.004821  7.696332